9
16.0629416666667, 108.219865
16.0623833333333, 108.217741666667
16.0625783333333, 108.219765
16.0619966666667, 108.219765
16.0628966666667, 108.220143333333
16.0622283333333, 108.219776666667
16.0629533333333, 108.219613333333
16.0630216666667, 108.217915
16.0630283333333, 108.218718333333
4
16.055493333333108.163938333333
16.0553216666667, 108.163295
16.056328333333108.164311666667
16.052943333333108.164521666667
11
16.0479266666667, 108.212521666667
16.0469866666667, 108.211603333333
16.0468283333333, 108.211511666667
16.048435, 108.213013333333
16.0468383333333, 108.211615
16.0473116666667, 108.211803333333
16.0468466666667, 108.211543333333
16.0468383333333, 108.211555
16.0480666666667, 108.212668333333
16.0468433333333, 108.211338333333
16.047095, 108.211601666667